00, ,<,152
01,0,<,01 01,1,<,01 01,2,<,01 01,3,<,01 01,4,<,01 01,5,<,01 01,6,<,01 01,7,<,01 01, ,>,02
02,0, ,03 02,7, ,04
03, ,>,05
04, ,>,06

05,0,>,05 05,1,>,05 05,2,>,05 05,3,>,05 05,4,>,05 05,5,>,05 05,6,>,05 05,7,>,05 05, ,>,07

06,0,>,06 06,1,>,06 06,2,>,06 06,3,>,06 06,4,>,06 06,5,>,06 06,6,>,06 06,7,>,06 06, ,>,08

07, ,0,09

08, ,0,10

09,0,<,09 09, ,<,11

10,0,<,10 10, ,<,12

11,0,<,11 11,1,<,11 11,2,<,11 11,3,<,11 11,4,<,11 11,5,<,11 11,6,<,11 11,7,<,11 11, ,0,13

12,0,<,12 12,1,<,12 12,2,<,12 12,3,<,12 12,4,<,12 12,5,<,12 12,6,<,12 12,7,<,12 12, ,7,14

13,0,>,15 13,1,>,15 13,2,>,15 13,3,>,15 13,4,>,15 13,5,>,15 13,6,>,15 13,7,>,15

14,7,>,315 14,1,>,315 14,2,>,315 14,3,>,315 14,4,>,315 14,5,>,315 14,6,>,315 14,0,>,315

15,0, ,25 15,1, ,26 15,2, ,27 15,3, ,28 15,4, ,29 15,5, ,30 15,6, ,31 15,7, ,32 15, ,>,24

16,0,>,16 16,1,>,16 16,2,>,16 16,3,>,16 16,4,>,16 16,5,>,16 16,6,>,16 16,7,>,16 16, ,>,33
17,0,>,17 17,1,>,17 17,2,>,17 17,3,>,17 17,4,>,17 17,5,>,17 17,6,>,17 17,7,>,17 17, ,>,34
18,0,>,18 18,1,>,18 18,2,>,18 18,3,>,18 18,4,>,18 18,5,>,18 18,6,>,18 18,7,>,18 18, ,>,35
19,0,>,19 19,1,>,19 19,2,>,19 19,3,>,19 19,4,>,19 19,5,>,19 19,6,>,19 19,7,>,19 19, ,>,36
20,0,>,20 20,1,>,20 20,2,>,20 20,3,>,20 20,4,>,20 20,5,>,20 20,6,>,20 20,7,>,20 20, ,>,37
21,0,>,21 21,1,>,21 21,2,>,21 21,3,>,21 21,4,>,21 21,5,>,21 21,6,>,21 21,7,>,21 21, ,>,38
22,0,>,22 22,1,>,22 22,2,>,22 22,3,>,22 22,4,>,22 22,5,>,22 22,6,>,22 22,7,>,22 22, ,>,39
23,0,>,23 23,1,>,23 23,2,>,23 23,3,>,23 23,4,>,23 23,5,>,23 23,6,>,23 23,7,>,23 23, ,>,40

24,0, ,24 24, ,>,24 24,1,=,65 24,2,=,65 24,3,=,65 24,4,=,65 24,5,=,65 24,6,=,65 24,7,=,65

25, ,>,16
26, ,>,17
27, ,>,18
28, ,>,19
29, ,>,20
30, ,>,21
31, ,>,22
32, ,>,23

33,0,>,33 33,1,>,33 33,2,>,33 33,3,>,33 33,4,>,33 33,5,>,33 33,6,>,33 33,7,>,33 33, ,0,41
34,0,>,34 34,1,>,34 34,2,>,34 34,3,>,34 34,4,>,34 34,5,>,34 34,6,>,34 34,7,>,34 34, ,1,42
35,0,>,35 35,1,>,35 35,2,>,35 35,3,>,35 35,4,>,35 35,5,>,35 35,6,>,35 35,7,>,35 35, ,2,43
36,0,>,36 36,1,>,36 36,2,>,36 36,3,>,36 36,4,>,36 36,5,>,36 36,6,>,36 36,7,>,36 36, ,3,44
37,0,>,37 37,1,>,37 37,2,>,37 37,3,>,37 37,4,>,37 37,5,>,37 37,6,>,37 37,7,>,37 37, ,4,45
38,0,>,38 38,1,>,38 38,2,>,38 38,3,>,38 38,4,>,38 38,5,>,38 38,6,>,38 38,7,>,38 38, ,5,46
39,0,>,39 39,1,>,39 39,2,>,39 39,3,>,39 39,4,>,39 39,5,>,39 39,6,>,39 39,7,>,39 39, ,6,47
40,0,>,40 40,1,>,40 40,2,>,40 40,3,>,40 40,4,>,40 40,5,>,40 40,6,>,40 40,7,>,40 40, ,7,48

41,0,<,41 41,1,<,41 41,2,<,41 41,3,<,41 41,4,<,41 41,5,<,41 41,6,<,41 41,7,<,41 41, ,<,49
42,0,<,42 42,1,<,42 42,2,<,42 42,3,<,42 42,4,<,42 42,5,<,42 42,6,<,42 42,7,<,42 42, ,<,50
43,0,<,43 43,1,<,43 43,2,<,43 43,3,<,43 43,4,<,43 43,5,<,43 43,6,<,43 43,7,<,43 43, ,<,51
44,0,<,44 44,1,<,44 44,2,<,44 44,3,<,44 44,4,<,44 44,5,<,44 44,6,<,44 44,7,<,44 44, ,<,52
45,0,<,45 45,1,<,45 45,2,<,45 45,3,<,45 45,4,<,45 45,5,<,45 45,6,<,45 45,7,<,45 45, ,<,53
46,0,<,46 46,1,<,46 46,2,<,46 46,3,<,46 46,4,<,46 46,5,<,46 46,6,<,46 46,7,<,46 46, ,<,54
47,0,<,47 47,1,<,47 47,2,<,47 47,3,<,47 47,4,<,47 47,5,<,47 47,6,<,47 47,7,<,47 47, ,<,55
48,0,<,48 48,1,<,48 48,2,<,48 48,3,<,48 48,4,<,48 48,5,<,48 48,6,<,48 48,7,<,48 48, ,<,56

49,0,<,49 49,1,<,49 49,2,<,49 49,3,<,49 49,7,<,49 49,4,<,49 49,5,<,49 49,6,<,49 49, ,=,57
50,0,<,50 50,1,<,50 50,2,<,50 50,3,<,50 50,7,<,50 50,4,<,50 50,5,<,50 50,6,<,50 50, ,=,58
51,0,<,51 51,1,<,51 51,2,<,51 51,3,<,51 51,7,<,51 51,4,<,51 51,5,<,51 51,6,<,51 51, ,=,59
52,0,<,52 52,1,<,52 52,2,<,52 52,3,<,52 52,7,<,52 52,4,<,52 52,5,<,52 52,6,<,52 52, ,=,60
53,0,<,53 53,1,<,53 53,2,<,53 53,3,<,53 53,7,<,53 53,4,<,53 53,5,<,53 53,6,<,53 53, ,=,61
54,0,<,54 54,1,<,54 54,2,<,54 54,3,<,54 54,7,<,54 54,4,<,54 54,5,<,54 54,6,<,54 54, ,=,62
55,0,<,55 55,1,<,55 55,2,<,55 55,3,<,55 55,7,<,55 55,4,<,55 55,5,<,55 55,6,<,55 55, ,=,63
56,0,<,56 56,1,<,56 56,2,<,56 56,3,<,56 56,7,<,56 56,4,<,56 56,5,<,56 56,6,<,56 56, ,=,64

57, ,0,13
58, ,1,13
59, ,2,13
60, ,3,13
61, ,4,13
62, ,5,13
63, ,6,13
64, ,7,13


65,0,=,98 65,1,0,99 65,2,0,100 65,3,0,101 65,4,0,102 65,5,0,103 65,6,0,104 65,7,0,105 65, ,=,65

66, ,<,66 66,0,>,74 66,1,>,74 66,2,>,74 66,3,>,74 66,4,>,74 66,5,>,74 66,6,>,74 66,7,>,74
67, ,<,67 67,0,>,75 67,1,>,75 67,2,>,75 67,3,>,75 67,4,>,75 67,5,>,75 67,6,>,75 67,7,>,75
68, ,<,68 68,0,>,76 68,1,>,76 68,2,>,76 68,3,>,76 68,4,>,76 68,5,>,76 68,6,>,76 68,7,>,76
69, ,<,69 69,0,>,77 69,1,>,77 69,2,>,77 69,3,>,77 69,4,>,77 69,5,>,77 69,6,>,77 69,7,>,77
70, ,<,70 70,0,>,78 70,1,>,78 70,2,>,78 70,3,>,78 70,4,>,78 70,5,>,78 70,6,>,78 70,7,>,78
71, ,<,71 71,0,>,79 71,1,>,79 71,2,>,79 71,3,>,79 71,4,>,79 71,5,>,79 71,6,>,79 71,7,>,79
72, ,<,72 72,0,>,80 72,1,>,80 72,2,>,80 72,3,>,80 72,4,>,80 72,5,>,80 72,6,>,80 72,7,>,80
73, ,<,73 73,0,>,81 73,1,>,81 73,2,>,81 73,3,>,81 73,4,>,81 73,5,>,81 73,6,>,81 73,7,>,81

74, ,>,144
75, ,>,145
76, ,>,146
77, ,>,147
78, ,>,148
79, ,>,149
80, ,>,150
81, ,>,151

82, ,0,90 82,0,=,141
83, ,1,91 83,0,1,141
84, ,2,92 84,0,2,141
85, ,3,93 85,0,3,141
86, ,4,94 86,0,4,141
87, ,5,95 87,0,5,141
88, ,6,96 88,0,6,141
89, ,7,97 89,0,7,141

90,0,>,106
91,1,>,107
92,2,>,108
93,3,>,109
94,4,>,110
95,5,>,111
96,6,>,112
97,7,>,113

98,0,<,66
99,0,<,67
100,0,<,68
101,0,<,69
102,0,<,70
103,0,<,71
104,0,<,72
105,0,<,73

106, ,>,106 106,0, ,114
107, ,>,107 107,0, ,114
108, ,>,108 108,0, ,114
109, ,>,109 109,0, ,114
110, ,>,110 110,0, ,114
111, ,>,111 111,0, ,114
112, ,>,112 112,0, ,114
113, ,>,113 113,0, ,114

114, ,>,123 

115,0,>,132 115,1,>,132 115,2,>,132 115,3,>,132 115,4,>,132 115,5,>,132 115,6,>,132 115,7,>,132
115, ,<,115 
116,0,>,133 116,1,>,133 116,2,>,133 116,3,>,133 116,4,>,133 116,5,>,133 116,6,>,133 116,7,>,133 
116, ,<,116 
117,0,>,134 117,1,>,134 117,2,>,134 117,3,>,134 117,4,>,134 117,5,>,134 117,6,>,134 117,7,>,134 
117, ,<,117
118,0,>,135 118,1,>,135 118,2,>,135 118,3,>,135 118,4,>,135 118,5,>,135 118,6,>,135 118,7,>,135 
118, ,<,118
119,0,>,136 119,1,>,136 119,2,>,136 119,3,>,136 119,4,>,136 119,5,>,136 119,6,>,136 119,7,>,136 
119, ,<,119
120,0,>,137 120,1,>,137 120,2,>,137 120,3,>,137 120,4,>,137 120,5,>,137 120,6,>,137 120,7,>,137 
120, ,<,120
121,0,>,138 121,1,>,138 121,2,>,138 121,3,>,138 121,4,>,138 121,5,>,138 121,6,>,138 121,7,>,138 
121, ,<,121
122,0,>,139 122,1,>,139 122,2,>,139 122,3,>,139 122,4,>,139 122,5,>,139 122,6,>,139 122,7,>,139 
122, ,<,122


123,0,=,124 123,1,0,125 123,2,0,126 123,3,0,127 123,4,0,128 123,5,0,129 123,6,0,130 123,7,0,131 
123, ,=,141

124,0,<,115
125,0,<,116
126,0,<,117
127,0,<,118
128,0,<,119
129,0,<,120
130,0,<,121
131,0,<,122

132, ,0,132 132,0,>,140
133, ,1,133 133,1,>,140
134, ,2,134 134,2,>,140
135, ,3,135 135,3,>,140
136, ,4,136 136,4,>,140
137, ,5,137 137,5,>,140
138, ,6,138 138,6,>,140
139, ,7,139 139,7,>,140

140, ,>,140 140,0, ,114

141,0,<,142 141,1,<,142 141,2,<,142 141,3,<,142 141,4,<,142 141,5,<,142 141,6,<,142 141,7,<,142
141, ,<,141

142,0,<,142 142,1,<,142 142,2,<,142 142,3,<,142 142,4,<,142 142,5,<,142 142,6,<,142 142,7,<,142
142, ,+,143

143,0,>,143 143,1,>,143 143,2,>,143 143,3,>,143 143,4,>,143 143,5,>,143 143,6,>,143 143,7,>,143
143,+,>,143 0143, ,#,143

144, ,>,82
145, ,>,83
146, ,>,84
147, ,>,85
148, ,>,86
149, ,>,87
150, ,>,88
151, ,>,89

152,0,<,153 152,7,<,154 152,1,<,01 152,2,<,01 152,3,<,01 152,4,<,01 152,5,<,01 152,6,<,01 

153,0,<,153 153,1,<,01 153,2,<,01 153,3,<,01 153,4,<,01 153,5,<,01 153,6,<,01 153,7,<,01
153, ,>,155 

154,0,<,01 154,1,<,01 154,2,<,01 154,3,<,01 154,4,<,01 154,5,<,01 154,6,<,01 154,7,<,154
154, ,>,156

155,0,>,155 155, ,>,157
156,7,>,156 156, ,>,158

157, ,+,157 157,+,>,159
158, ,-,158 158,-,>,159

159, ,0,159 159,0,>,160

160, ,#,160

315,0, ,325 315,1, ,326 315,2, ,327 315,3, ,328 315,4, ,329 315,5, ,330 315,6, ,331 315,7, ,332 
315, ,>,324

316,0,>,316 316,1,>,316 316,2,>,316 316,3,>,316 316,4,>,316 316,5,>,316 316,6,>,316 316,7,>,316 
316, ,>,333
317,0,>,317 317,1,>,317 317,2,>,317 317,3,>,317 317,4,>,317 317,5,>,317 317,6,>,317 317,7,>,317 
317, ,>,334
318,0,>,318 318,1,>,318 318,2,>,318 318,3,>,318 318,4,>,318 318,5,>,318 318,6,>,318 318,7,>,318 
318, ,>,335
319,0,>,319 319,1,>,319 319,2,>,319 319,3,>,319 319,4,>,319 319,5,>,319 319,6,>,319 319,7,>,319 
319, ,>,336
320,0,>,320 320,1,>,320 320,2,>,320 320,3,>,320 320,4,>,320 320,5,>,320 320,6,>,320 320,7,>,320 
320, ,>,337
321,0,>,321 321,1,>,321 321,2,>,321 321,3,>,321 321,4,>,321 321,5,>,321 321,6,>,321 321,7,>,321 
321, ,>,338
322,0,>,322 322,1,>,322 322,2,>,322 322,3,>,322 322,4,>,322 322,5,>,322 322,6,>,322 322,7,>,322 
322, ,>,339
323,0,>,323 323,1,>,323 323,2,>,323 323,3,>,323 323,4,>,323 323,5,>,323 323,6,>,323 323,7,>,323 
323, ,>,340

324,0, ,324 324, ,>,324 324,1,=,365 324,2,=,365 324,3,=,365 324,4,=,365 324,5,=,365 324,6,=,365 324,7,=,365

325, ,>,316
326, ,>,317
327, ,>,318
328, ,>,319
329, ,>,320
330, ,>,321
331, ,>,322
332, ,>,323

333,0,>,333 333,1,>,333 333,2,>,333 333,3,>,333 333,4,>,333 333,5,>,333 333,6,>,333 333,7,>,333 
333, ,7,341
334,0,>,334 334,1,>,334 334,2,>,334 334,3,>,334 334,4,>,334 334,5,>,334 334,6,>,334 334,7,>,334 
334, ,6,342
335,0,>,335 335,1,>,335 335,2,>,335 335,3,>,335 335,4,>,335 335,5,>,335 335,6,>,335 335,7,>,335 
335, ,5,343
336,0,>,336 336,1,>,336 336,2,>,336 336,3,>,336 336,4,>,336 336,5,>,336 336,6,>,336 336,7,>,336 
336, ,4,344
337,0,>,337 337,1,>,337 337,2,>,337 337,3,>,337 337,4,>,337 337,5,>,337 337,6,>,337 337,7,>,337 
337, ,3,345
338,0,>,338 338,1,>,338 338,2,>,338 338,3,>,338 338,4,>,338 338,5,>,338 338,6,>,338 338,7,>,338
338, ,2,346
339,0,>,339 339,1,>,339 339,2,>,339 339,3,>,339 339,4,>,339 339,5,>,339 339,6,>,339 339,7,>,339 
339, ,1,347
340,0,>,340 340,1,>,340 340,2,>,340 340,3,>,340 340,4,>,340 340,5,>,340 340,6,>,340 340,7,>,340 
340, ,0,348

341,0,<,341 341,1,<,341 341,2,<,341 341,3,<,341 341,4,<,341 341,5,<,341 341,6,<,341 341,7,<,341 
341, ,<,349
342,0,<,342 342,1,<,342 342,2,<,342 342,3,<,342 342,4,<,342 342,5,<,342 342,6,<,342 342,7,<,342 
342, ,<,350
343,0,<,343 343,1,<,343 343,2,<,343 343,3,<,343 343,4,<,343 343,5,<,343 343,6,<,343 343,7,<,343 
343, ,<,351
344,0,<,344 344,1,<,344 344,2,<,344 344,3,<,344 344,4,<,344 344,5,<,344 344,6,<,344 344,7,<,344 
344, ,<,352
345,0,<,345 345,1,<,345 345,2,<,345 345,3,<,345 345,4,<,345 345,5,<,345 345,6,<,345 345,7,<,345 
345, ,<,353
346,0,<,346 346,1,<,346 346,2,<,346 346,3,<,346 346,4,<,346 346,5,<,346 346,6,<,346 346,7,<,346 
346, ,<,354
347,0,<,347 347,1,<,347 347,2,<,347 347,3,<,347 347,4,<,347 347,5,<,347 347,6,<,347 347,7,<,347 
347, ,<,355
348,0,<,348 348,1,<,348 348,2,<,348 348,3,<,348 348,4,<,348 348,5,<,348 348,6,<,348 348,7,<,348 
348, ,<,356

349,0,<,349 349,1,<,349 349,2,<,349 349,3,<,349 349,7,<,349 349,4,<,349 349,5,<,349 349,6,<,349 
349, ,=,357
350,0,<,350 350,1,<,350 350,2,<,350 350,3,<,350 350,7,<,350 350,4,<,350 350,5,<,350 350,6,<,350 
350, ,=,358
351,0,<,351 351,1,<,351 351,2,<,351 351,3,<,351 351,7,<,351 351,4,<,351 351,5,<,351 351,6,<,351 
351, ,=,359
352,0,<,352 352,1,<,352 352,2,<,352 352,3,<,352 352,7,<,352 352,4,<,352 352,5,<,352 352,6,<,352 
352, ,=,360
353,0,<,353 353,1,<,353 353,2,<,353 353,3,<,353 353,7,<,353 353,4,<,353 353,5,<,353 353,6,<,353 
353, ,=,361
354,0,<,354 354,1,<,354 354,2,<,354 354,3,<,354 354,7,<,354 354,4,<,354 354,5,<,354 354,6,<,354 
354, ,=,362
355,0,<,355 355,1,<,355 355,2,<,355 355,3,<,355 355,7,<,355 355,4,<,355 355,5,<,355 355,6,<,355 
355, ,=,363
356,0,<,356 356,1,<,356 356,2,<,356 356,3,<,356 356,7,<,356 356,4,<,356 356,5,<,356 356,6,<,356 
356, ,=,364

357, ,0,14
358, ,1,14
359, ,2,14
360, ,3,14
361, ,4,14
362, ,5,14
363, ,6,14
364, ,7,14


365,0,=,398 365,1,0,399 365,2,0,3100 365,3,0,3101 365,4,0,3102 365,5,0,3103 365,6,0,3104 365,7,0,3105 
365, ,=,365

366, ,<,366 366,0,>,374 366,1,>,374 366,2,>,374 366,3,>,374 366,4,>,374 366,5,>,374 366,6,>,374 366,7,>,374
367, ,<,367 367,0,>,375 367,1,>,375 367,2,>,375 367,3,>,375 367,4,>,375 367,5,>,375 367,6,>,375 367,7,>,375
368, ,<,368 368,0,>,376 368,1,>,376 368,2,>,376 368,3,>,376 368,4,>,376 368,5,>,376 368,6,>,376 368,7,>,376
369, ,<,369 369,0,>,377 369,1,>,377 369,2,>,377 369,3,>,377 369,4,>,377 369,5,>,377 369,6,>,377 369,7,>,377
370, ,<,370 370,0,>,378 370,1,>,378 370,2,>,378 370,3,>,378 370,4,>,378 370,5,>,378 370,6,>,378 370,7,>,378
371, ,<,371 371,0,>,379 371,1,>,379 371,2,>,379 371,3,>,379 371,4,>,379 371,5,>,379 371,6,>,379 371,7,>,379
372, ,<,372 372,0,>,380 372,1,>,380 372,2,>,380 372,3,>,380 372,4,>,380 372,5,>,380 372,6,>,380 372,7,>,380
373, ,<,373 373,0,>,381 373,1,>,381 373,2,>,381 373,3,>,381 373,4,>,381 373,5,>,381 373,6,>,381 373,7,>,381

374, ,>,3144
375, ,>,3145
376, ,>,3146
377, ,>,3147
378, ,>,3148
379, ,>,3149
380, ,>,3150
381, ,>,3151

382, ,0,390 382,0,=,3141
383, ,1,391 383,0,1,3141
384, ,2,392 384,0,2,3141
385, ,3,393 385,0,3,3141
386, ,4,394 386,0,4,3141
387, ,5,395 387,0,5,3141
388, ,6,396 388,0,6,3141
389, ,7,397 389,0,7,3141

390,0,>,3106
391,1,>,3107
392,2,>,3108
393,3,>,3109
394,4,>,3110
395,5,>,3111
396,6,>,3112
397,7,>,3113

398,0,<,366
399,0,<,367
3100,0,<,368
3101,0,<,369
3102,0,<,370
3103,0,<,371
3104,0,<,372
3105,0,<,373

3106, ,>,3106 3106,0, ,3114
3107, ,>,3107 3107,0, ,3114
3108, ,>,3108 3108,0, ,3114
3109, ,>,3109 3109,0, ,3114
3110, ,>,3110 3110,0, ,3114
3111, ,>,3111 3111,0, ,3114
3112, ,>,3112 3112,0, ,3114
3113, ,>,3113 3113,0, ,3114

3114, ,>,3123 

3115,0,>,3132 3115,1,>,3132 3115,2,>,3132 3115,3,>,3132 
3115,4,>,3132 3115,5,>,3132 3115,6,>,3132 3115,7,>,3132
3115, ,<,3115 
3116,0,>,3133 3116,1,>,3133 3116,2,>,3133 3116,3,>,3133 
3116,4,>,3133 3116,5,>,3133 3116,6,>,3133 3116,7,>,3133 
3116, ,<,3116 
3117,0,>,3134 3117,1,>,3134 3117,2,>,3134 3117,3,>,3134 
3117,4,>,3134 3117,5,>,3134 3117,6,>,3134 3117,7,>,3134 
3117, ,<,3117
3118,0,>,3135 3118,1,>,3135 3118,2,>,3135 3118,3,>,3135 
3118,4,>,3135 3118,5,>,3135 3118,6,>,3135 3118,7,>,3135 
3118, ,<,3118
3119,0,>,3136 3119,1,>,3136 3119,2,>,3136 3119,3,>,3136 
3119,4,>,3136 3119,5,>,3136 3119,6,>,3136 3119,7,>,3136 
3119, ,<,3119
3120,0,>,3137 3120,1,>,3137 3120,2,>,3137 3120,3,>,3137 
3120,4,>,3137 3120,5,>,3137 3120,6,>,3137 3120,7,>,3137 
3120, ,<,3120
3121,0,>,3138 3121,1,>,3138 3121,2,>,3138 3121,3,>,3138 
3121,4,>,3138 3121,5,>,3138 3121,6,>,3138 3121,7,>,3138 
3121, ,<,3121
3122,0,>,3139 3122,1,>,3139 3122,2,>,3139 3122,3,>,3139 
3122,4,>,3139 3122,5,>,3139 3122,6,>,3139 3122,7,>,3139 
3122, ,<,3122


3123,0,=,3124 3123,1,0,3125 3123,2,0,3126 3123,3,0,3127 
3123,4,0,3128 3123,5,0,3129 3123,6,0,3130 3123,7,0,3131 
3123, ,=,3141

3124,0,<,3115
3125,0,<,3116
3126,0,<,3117
3127,0,<,3118
3128,0,<,3119
3129,0,<,3120
3130,0,<,3121
3131,0,<,3122

3132, ,0,3132 3132,0,>,3140
3133, ,1,3133 3133,1,>,3140
3134, ,2,3134 3134,2,>,3140
3135, ,3,3135 3135,3,>,3140
3136, ,4,3136 3136,4,>,3140
3137, ,5,3137 3137,5,>,3140
3138, ,6,3138 3138,6,>,3140
3139, ,7,3139 3139,7,>,3140

3140, ,>,3140 3140,0, ,3114

3141,0,<,3142 3141,1,<,3142 3141,2,<,3142 3141,3,<,3142 
3141,4,<,3142 3141,5,<,3142 3141,6,<,3142 3141,7,<,3142
3141, ,<,3141

3142,0,<,3142 3142,1,<,3142 3142,2,<,3142 3142,3,<,3142 
3142,4,<,3142 3142,5,<,3142 3142,6,<,3142 3142,7,<,3142
3142, ,-,3143

3143,0,>,3143 3143,1,>,3143 3143,2,>,3143 3143,3,>,3143 
3143,4,>,3143 3143,5,>,3143 3143,6,>,3143 3143,7,>,3143
3143,-,>,3143 03143, ,#,3143

3144, ,>,382
3145, ,>,383
3146, ,>,384
3147, ,>,385
3148, ,>,386
3149, ,>,387
3150, ,>,388
3151, ,>,389
